eval_accuracy = 0.9666666666666667
eval_loss = 0.10416143853217363
global_step = 19
loss = 0.32223859488179807
